  0.90000000000000002        6.4995210557348776E-002   1.2853362273051909E-003
   1.7909999999999999       0.12151378998292636        1.7972074381518168E-003
   2.6819999999999999       0.17406374530585414        2.2790115081208870E-003
   3.5729999999999995       0.22906712900010498        2.5945628021352735E-003
   4.4639999999999995       0.28418680961667808        3.0362512479261560E-003
   5.3549999999999995       0.35570491007531108        3.4484630597473279E-003
   6.2459999999999996       0.45595581929247464        1.6485910875924877E-002
   7.1369999999999987       0.53841716964120112        9.6683689878085659E-003
   8.0279999999999987       0.59056686668809755        8.1486633799194557E-003
   8.9189999999999987       0.65493972589801097        8.6639296200781476E-003
   9.8099999999999987       0.73574874083084840        7.7835359723612760E-003
   10.700999999999999       0.77385996900262788        7.9371283532040319E-003
   11.591999999999999       0.84427670732411431        8.8701000021408714E-003
   12.482999999999999       0.90987249996400121        8.5755681354119807E-003
   13.373999999999999       0.94957278309122750        7.7211243951665568E-003
   14.264999999999999        1.0250525765003542        8.2903308771284222E-003
   15.155999999999997        1.0624463989888655        8.1064800167774433E-003
   16.046999999999997        1.1327018596359302        8.6441319440823984E-003
   16.937999999999995        1.2082847064805324        8.6851881527264876E-003
   17.828999999999994        1.2618365966845768        8.3472397298425677E-003
   18.719999999999992        1.3254625798413986        8.5520202455394469E-003
   19.610999999999990        1.3737771487528598        8.6876117512456504E-003
   20.501999999999988        1.4430941690805419        8.9149527045615691E-003
   21.392999999999986        1.4949552227931668        8.9398058902276367E-003
   22.283999999999985        1.5589302533356801        9.4136245878516794E-003
   23.174999999999983        1.6203421069254493        9.3971291998485463E-003
   24.065999999999981        1.6598063809910604        9.4508227897021832E-003
   24.956999999999979        1.6946092078605337        9.4884885963762051E-003
   25.847999999999978        1.7567805877099207        9.6373684300903768E-003
   26.738999999999976        1.8241551391177064        9.7571781703257691E-003
   27.629999999999974        1.8837809075212240        9.9417733550318781E-003
   28.520999999999972        1.9312384144020251        1.0210099733308073E-002
   29.411999999999971        1.9947628685561971        1.0482343323803239E-002
   30.302999999999969        2.0232880205973278        1.0332635991625630E-002
   31.193999999999967        2.0953872878639044        1.0676311173513442E-002
   32.084999999999965        2.1406170335536499        1.0816414876601193E-002
   32.975999999999964        2.1769318320994455        1.0834204893580775E-002
   33.866999999999962        2.2280619371739396        1.0984941604296706E-002
   34.757999999999960        2.2802865319238586        1.1203751204627542E-002
   35.648999999999958        2.3232984791095830        1.1311206022749839E-002
   36.539999999999957        2.3657053472043539        1.1438255305500081E-002
   37.430999999999955        2.4297809471553631        1.1620489807013652E-002
   38.321999999999953        2.4629415687850562        1.1752703338399591E-002
   39.212999999999951        2.5149181368697944        1.1886424225222819E-002
   40.103999999999949        2.5681941341055494        1.2082798758349380E-002
   40.994999999999948        2.5953156996951852        1.2207358748564332E-002
   41.885999999999946        2.6529833321215017        1.2307718280063688E-002
   42.776999999999944        2.6780344760018373        1.2394345695647430E-002
   43.667999999999942        2.7238283306079607        1.2600488213506813E-002
   44.558999999999941        2.7784333542772544        1.2804284708497893E-002
   45.449999999999939        2.8232423446940316        1.2998795195019836E-002
   46.340999999999937        2.8635343659424195        1.3164039071194894E-002
   47.231999999999935        2.8894702943066770        1.3354404644895030E-002
   48.122999999999934        2.9368650795338835        1.3415594886630357E-002
   49.013999999999932        2.9916801736411966        1.3628192182261772E-002
   49.904999999999930        3.0157700337170503        1.3724745619192742E-002
   50.795999999999928        3.0410804376372540        1.3927771382576056E-002
   51.686999999999927        3.1069168137276435        1.4071068951282267E-002
   52.577999999999925        3.1124555603898587        1.4124686661839520E-002
   53.468999999999923        3.1448844193230108        1.4298185634873976E-002
   54.359999999999921        3.1873587418721026        1.4456187782023287E-002
   55.250999999999920        3.2167177077900928        1.4602620702302220E-002
   56.141999999999918        3.2757810070536908        1.4792525262356665E-002
   57.032999999999916        3.2769608757661688        1.4900859487161600E-002
   57.923999999999914        3.3031234955859516        1.5025563832185335E-002
   58.814999999999912        3.3402745932874511        1.5155807635714599E-002
   59.705999999999911        3.3799948637576280        1.5321829149701293E-002
   60.596999999999909        3.3837274306961129        1.5433565369137177E-002
   61.487999999999907        3.4457345932855250        1.5669856854987528E-002
   62.378999999999905        3.4574682126813290        1.5724532214260602E-002
   63.269999999999904        3.4743115351846425        1.5869736196293099E-002
   64.160999999999902        3.4803038098295871        1.5925663588047406E-002
   65.051999999999907        3.5131323573386259        1.6129015914112713E-002
   65.942999999999913        3.5515193811828953        1.6295925459018350E-002
   66.833999999999918        3.5152378856933586        1.6251281556767878E-002
   67.724999999999923        3.5941652952926222        1.6508914900601773E-002
   68.615999999999929        3.6147533540331462        1.6638076743779470E-002
   69.506999999999934        3.6492683127541379        1.6792436358528413E-002
   70.397999999999939        3.6238776662477830        1.6766546595896287E-002
   71.288999999999945        3.6830053152714384        1.7050493988298204E-002
   72.179999999999950        3.6795516727608462        1.7080432423713644E-002
   73.070999999999955        3.6967575810561435        1.7181715579680117E-002
   73.961999999999961        3.6746627344292162        1.7188800472030454E-002
   74.852999999999966        3.6902908799945804        1.7286852133511610E-002
   75.743999999999971        3.7209657276124770        1.7382223803201920E-002
   76.634999999999977        3.7461355103326435        1.7525379737038851E-002
   77.525999999999982        3.7463902308198085        1.7547564557330232E-002
   78.416999999999987        3.7499722681121743        1.7644673081388229E-002
   79.307999999999993        3.7736697962222925        1.7775456630251693E-002
   80.198999999999998        3.7943330922094258        1.7875751988433462E-002
   81.090000000000003        3.7750277556076086        1.7854025347941390E-002
   81.981000000000009        3.7879454286059904        1.7901275472283016E-002
   82.872000000000014        3.8195032638220590        1.8010001744547772E-002
   83.763000000000019        3.7926085769671958        1.7971147478848253E-002
   84.654000000000025        3.8278044959285884        1.8121865907875429E-002
   85.545000000000030        3.8112440256776932        1.8036287480944296E-002
   86.436000000000035        3.8063963783990551        1.8104719142619460E-002
   87.327000000000041        3.8307249847000775        1.8175071794914080E-002
   88.218000000000046        3.8505750226741235        1.8230325237829342E-002
   89.109000000000052        3.8092922515301253        1.8141321230915025E-002
   90.000000000000057        3.8380079468088768        1.8199088048238669E-002
   90.891000000000062        3.8121656105552875        1.8155253481418263E-002
   91.782000000000068        3.8319967198680240        1.8211082212888856E-002
   92.673000000000073        3.8130709745178697        1.8129591527474249E-002
   93.564000000000078        3.7690082724493932        1.7977865774401951E-002
   94.455000000000084        3.8334042539765982        1.8158954517491617E-002
   95.346000000000089        3.7852830198066854        1.7993367076258138E-002
   96.237000000000094        3.7747962354335871        1.7976555122266459E-002
   97.128000000000100        3.7702212833932061        1.7903915956512244E-002
   98.019000000000105        3.7753779163284857        1.7925606620662282E-002
   98.910000000000110        3.7689576643724370        1.7831327256226760E-002
   99.801000000000116        3.7325518355863547        1.7680651689621039E-002
   100.69200000000012        3.7480667132293934        1.7723077610792844E-002
   101.58300000000013        3.7374881797171140        1.7612484981641245E-002
   102.47400000000013        3.7032383628728369        1.7487040289476348E-002
   103.36500000000014        3.6618021748049547        1.7339621927026195E-002
   104.25600000000014        3.6731470105356738        1.7303790020943229E-002
   105.14700000000015        3.6887727276090145        1.7291819692901455E-002
   106.03800000000015        3.6480240184046151        1.7135296495468577E-002
   106.92900000000016        3.6237299956425160        1.7044628410165366E-002
   107.82000000000016        3.6134221305228946        1.6927295685608669E-002
   108.71100000000017        3.5799016460632562        1.6758267170748999E-002
   109.60200000000017        3.5784490912380460        1.6704627586009577E-002
   110.49300000000018        3.5666450229483524        1.6622785208018062E-002
   111.38400000000019        3.5328695804071377        1.6448664524535073E-002
   112.27500000000019        3.5198231368118469        1.6371258118302690E-002
   113.16600000000020        3.4898956893544630        1.6229963446529532E-002
   114.05700000000020        3.4573087905484501        1.6080021849682425E-002
   114.94800000000021        3.4197902634154156        1.5909669909714486E-002
   115.83900000000021        3.4043659099787655        1.5779898160582884E-002
   116.73000000000022        3.3530342711749062        1.5581294008213523E-002
   117.62100000000022        3.3763873634262200        1.5595977758184495E-002
   118.51200000000023        3.3114470162296654        1.5339116045723824E-002
   119.40300000000023        3.3106211651452568        1.5276731240260180E-002
   120.29400000000024        3.2682570476328587        1.5095279839477305E-002
   121.18500000000024        3.2476798083870326        1.4993277303534778E-002
   122.07600000000025        3.2111180461813777        1.4819935844439476E-002
   122.96700000000025        3.1686389407682043        1.4657739381432553E-002
   123.85800000000026        3.1313749680932834        1.4480137822432210E-002
   124.74900000000027        3.1152848666531794        1.4387753620151281E-002
   125.64000000000027        3.0594524238869103        1.4179921354405772E-002
   126.53100000000028        3.0448492909665310        1.4093106608838791E-002
   127.42200000000027        2.9909249174986741        1.3874615358654988E-002
   128.31300000000027        2.9597825336595340        1.3745325183143437E-002
   129.20400000000026        2.9266667611059383        1.3613563179662672E-002
   130.09500000000025        2.8905681210673668        1.3450176005743306E-002
   130.98600000000025        2.8468173197382032        1.3286522819774441E-002
   131.87700000000024        2.8084104072133154        1.3138739901548058E-002
   132.76800000000023        2.7885922433412356        1.3039389877676482E-002
   133.65900000000022        2.7412306977465337        1.2853440468961648E-002
   134.55000000000021        2.6890577291046576        1.2690184389042446E-002
   135.44100000000020        2.6654502793295873        1.2568784046594898E-002
   136.33200000000019        2.6068535358843783        1.2362644185570117E-002
   137.22300000000018        2.5651258954848939        1.2223070486496462E-002
   138.11400000000017        2.5413663668455944        1.2111233353054161E-002
   139.00500000000017        2.4726695995633765        1.1898900112068589E-002
   139.89600000000016        2.4381485076475569        1.1772805020050105E-002
   140.78700000000015        2.3856112531911848        1.1594310800778641E-002
   141.67800000000014        2.3551332523231849        1.1476594291218221E-002
   142.56900000000013        2.2804916331921206        1.1250912119547875E-002
   143.46000000000012        2.2308942719595035        1.1090115457340555E-002
   144.35100000000011        2.1854720276101309        1.0938544449575998E-002
   145.24200000000010        2.1491678674641426        1.0804933317036547E-002
   146.13300000000010        2.1010750883820011        1.0653251516368036E-002
   147.02400000000009        2.0546170946775870        1.0500145680371820E-002
   147.91500000000008        1.9964726471518737        1.0318174379889881E-002
   148.80600000000007        1.9395474809583491        1.0136295050766244E-002
   149.69700000000006        1.8930501488953799        9.9903605500647873E-003
   150.58800000000005        1.8289621096983570        9.7943233029114760E-003
   151.47900000000004        1.7887850896309558        9.6601191652621581E-003
   152.37000000000003        1.7649131252399486        9.5764957273468728E-003
   153.26100000000002        1.7034027724630079        9.3944989352446467E-003
   154.15200000000002        1.6332271247929093        9.1695615532952669E-003
   155.04300000000001        1.5945390649086086        9.0462526392207122E-003
   155.93400000000000        1.5170328565957858        8.8092920557413280E-003
   156.82499999999999        1.4724841571578589        8.6577514142249408E-003
   157.71599999999998        1.4249113766650492        8.5155915152849131E-003
   158.60699999999997        1.3627511011113798        8.3130618655513008E-003
   159.49799999999996        1.3018644452607935        8.1167661925255694E-003
   160.38899999999995        1.2574279826042691        7.9709100469145793E-003
   161.27999999999994        1.1962266132229393        7.7702721021530672E-003
   162.17099999999994        1.1149398001245421        7.4974894819306963E-003
   163.06199999999993        1.0777182091242297        7.3691410011986072E-003
   163.95299999999992        1.0198423019402583        7.1698675356665301E-003
   164.84399999999991       0.96662326444826330        6.9847530207784152E-003
   165.73499999999990       0.90638940638893417        6.7654506817154438E-003
   166.62599999999989       0.84090294917462882        6.5189907692343530E-003
   167.51699999999988       0.78214205117767455        6.2960912420743122E-003
   168.40799999999987       0.73741668930675708        6.1232343345025125E-003
   169.29899999999986       0.66501719335285059        5.8273896251579563E-003
   170.18999999999986       0.61176033186583201        5.6009045249196983E-003
   171.08099999999985       0.54504261871820714        5.3012324112212249E-003
   171.97199999999984       0.49225781070614172        5.0538512644894319E-003
   172.86299999999983       0.43147440622530314        4.7527260486145192E-003
   173.75399999999982       0.37087839925140642        4.4258245828524972E-003
   174.64499999999981       0.31288911208532383        4.0910117291399007E-003
   175.53599999999980       0.26317448051617898        3.7758692300652501E-003
   176.42699999999979       0.20491649106172727        3.3679440101453701E-003
   177.31799999999978       0.14445738762504401        2.8700582335221846E-003
   178.20899999999978        7.7516516126017038E-002   2.1479649767048286E-003
